1613
1616
1619
1622
1626
1629
1602
1606
1609
1612
1615
1619
1622
1625
1628
1602
1605
1608
1611
1615
1618
1621
1625
1628
1601
1604
1608
1611
1614
1617
1621
1624
1627
1600
1604
1607
1610
1613
1617
1620
1623
1627
1600
1628
1602
1605
1608
1612
1615
1618
1621
1625
1628
1601
1604
1608
1611
1614
1617
1621
1624
1627
1601
1604
1607
1610
1614
1617
1620
1623
1627
1600
1603
1606
1610
1613
1616
1619
1623
1626
1629
1603
1606
1609
1612
1616
1619
1622
1625
1629
1602
1605
1608
1612
1615
1618
1622
1625
1628
1601
1605
1608
1611
1614
1618
1621
1624
1627
1601
1604
1607
1611
1614
1617
1620
1624
1627
1600
1603
1607
1610
1613
1616
1620
1623
1626
1600
1603
1606
1609
1613
1616
1619
1622
1626
1629
1602
1605
1609
1612
1615
1618
1622
1625
1628
1602
1605
1608
1611
1615
1618
1621
1624
1628
1601
1604
1607
1611
1614
1617
1621
1624
1627
1600
1604
1607
1610
1613
1617
1620
1623
1626
1600
1603
1606
1610
1613
1616
1619
1623
1626
1629
1602
1606
1609
1612
1615
1619
1622
1625
1629
1602
1605
1608
1612
1615
1618
1621
1625
1628
1601
1604
1608
1611
1614
1617
1621
1624
1627
1601
1604
1607
1610
1614
1620
1623
1627
1627
1603
1606
1606
1613
1616
1620
1623
1626
1629
1603
1606
1609
1612
1616
1619
1603
1606
1609
1612
1616
1619
1622
1625
1629
1602
1605
1609
1612
1615
